0   Background                              0   0   0   0
1   L_V1                                   63   5 255   0
2   L_MST                                  54 103 129   0
3   L_V6                                   62  78 178   0
4   L_V2                                   23  50 233   0
5   L_V3                                   15  40 226   0
6   L_V4                                   14  28 214   0
7   L_V8                                   26  47 201   0
8   L_4                                    33 178  20   0
9   L_3b                                   35 205  21   0
10  L_FEF                                 134 143 137   0
11  L_PEF                                 141 166 152   0
12  L_55b                                  62  88  47   0
13  L_V3A                                   7  57 246   0
14  L_RSC                                 153  64 133   0
15  L_POS2                                186  86 188   0
16  L_V7                                   18  70 195   0
17  L_IPS1                                 57 114 160   0
18  L_FFC                                  57  89 117   0
19  L_V3B                                  25  47 206   0
20  L_LO1                                   0  49 184   0
21  L_LO2                                  18  33 181   0
22  L_PIT                                  34  43 171   0
23  L_MT                                   31  86 104   0
24  L_A1                                  235  19  47   0
25  L_PSL                                 122  79  56   0
26  L_SFL                                  31  49  22   0
27  L_PCV                                 138 128 153   0
28  L_STV                                 142  87  76   0
29  L_7Pm                                 149 181 188   0
30  L_7m                                   42  31  44   0
31  L_POS1                                 81  54  98   0
32  L_23d                                 127  56  91   0
33  L_v23ab                                29   0  14   0
34  L_d23ab                                63  17  47   0
35  L_31pv                                 54  11  42   0
36  L_5m                                   48 163  48   0
37  L_5mv                                 153 172 136   0
38  L_23c                                 205 190 194   0
39  L_5L                                   64 154  64   0
40  L_24dd                                 69 161  44   0
41  L_24dv                                119 159  66   0
42  L_7AL                                 115 194 134   0
43  L_SCEF                                110 146  86   0
44  L_6ma                                 144 179 135   0
45  L_7Am                                 184 243 224   0
46  L_7PL                                 169 246 237   0
47  L_7PC                                  68 177 108   0
48  L_LIPv                                 63 113 158   0
49  L_VIP                                  50 129 137   0
50  L_MIP                                 136 206 204   0
51  L_1                                    20 191  38   0
52  L_2                                    48 176  62   0
53  L_3a                                   47 216  22   0
54  L_6d                                   26 158  32   0
55  L_6mp                                  64 159  38   0
56  L_6v                                   71 168  50   0
57  L_p24pr                               146 136 107   0
58  L_33pr                                129 106 103   0
59  L_a24pr                               176 133 130   0
60  L_p32pr                               163 142 121   0
61  L_a24                                  67  12  25   0
62  L_d32                                  90  41  50   0
63  L_8BM                                 105  83  81   0
64  L_p32                                  95  32  52   0
65  L_10r                                  25  12   1   0
66  L_47m                                  96  75  66   0
67  L_8Av                                  53  54  43   0
68  L_8Ad                                  63  67  48   0
69  L_9m                                   43  35  18   0
70  L_8BL                                  34  39  20   0
71  L_9p                                   38  43  28   0
72  L_10d                                  38  35  24   0
73  L_8C                                  101  85  84   0
74  L_44                                   88  88  62   0
75  L_45                                   60  63  42   0
76  L_47l                                  51  49  31   0
77  L_a47r                                 77  76  66   0
78  L_6r                                  178 214 151   0
79  L_IFJa                                126 119  95   0
80  L_IFJp                                137 160 132   0
81  L_IFSp                                 97  98  87   0
82  L_IFSa                                188 201 178   0
83  L_p9-46v                              138 149 134   0
84  L_46                                  207 217 200   0
85  L_a9-46v                              145 112 128   0
86  L_9-46d                               140 117 131   0
87  L_9a                                   55  52  45   0
88  L_10v                                  14  35  14   0
89  L_a10p                                 98  75  89   0
90  L_10pp                                 55  62  58   0
91  L_11l                                 129 106 118   0
92  L_13l                                  82  60  69   0
93  L_OFC                                  40  35  31   0
94  L_47s                                  66  35  33   0
95  L_LIPd                                155 180 202   0
96  L_6a                                  121 192 136   0
97  L_i6-8                                 90  98  83   0
98  L_s6-8                                 88  92  73   0
99  L_43                                  145 138  64   0
100 L_OP4                                 114 157  49   0
101 L_OP1                                  99 158  35   0
102 L_OP2-3                               145 127  52   0
103 L_52                                  208  72  66   0
104 L_RI                                  178  61  23   0
105 L_PFcm                                190 144  89   0
106 L_PoI2                                131 124  83   0
107 L_TA2                                 130  42  27   0
108 L_FOP4                                182 148 129   0
109 L_MI                                  157 116 106   0
110 L_Pir                                  90  66  65   0
111 L_AVI                                 141  72  83   0
112 L_AAIC                                 85  35  44   0
113 L_FOP1                                160 153  88   0
114 L_FOP3                                175 137  99   0
115 L_FOP2                                 99 156  51   0
116 L_PFt                                 129 222 134   0
117 L_AIP                                 136 220 166   0
118 L_EC                                   49  48  35   0
119 L_PreS                                 86  57  83   0
120 L_H                                    60  57  40   0
121 L_ProS                                 87  59 176   0
122 L_PeEc                                 61  62  51   0
123 L_STGa                                 58  42  26   0
124 L_PBelt                               195  30   5   0
125 L_A5                                   99  39   6   0
126 L_PHA1                                 69  50  75   0
127 L_PHA3                                 96 102 113   0
128 L_STSda                                77  51  34   0
129 L_STSdp                                73  57  39   0
130 L_STSvp                                71  59  57   0
131 L_TGd                                  35  34  23   0
132 L_TE1a                                 11  14   0   0
133 L_TE1p                                 96 102  94   0
134 L_TE2a                                 67  64  58   0
135 L_TF                                   64  72  56   0
136 L_TE2p                                105 128 117   0
137 L_PHT                                 217 252 223   0
138 L_PH                                   88 131 163   0
139 L_TPOJ1                               125  90  64   0
140 L_TPOJ2                               156 162 138   0
141 L_TPOJ3                               121 148 145   0
142 L_DVT                                 120 112 190   0
143 L_PGp                                 155 190 228   0
144 L_IP2                                 176 166 174   0
145 L_IP1                                 118 121 128   0
146 L_IP0                                 112 160 207   0
147 L_PFop                                187 205 145   0
148 L_PF                                  255 255 226   0
149 L_PFm                                 133 105 114   0
150 L_PGi                                  53  62  46   0
151 L_PGs                                  62  67  57   0
152 L_V6A                                  41  89 166   0
153 L_VMV1                                 62  61 155   0
154 L_VMV3                                 49  53 159   0
155 L_PHA2                                 88  90  89   0
156 L_V4t                                  14  79 128   0
157 L_FST                                  92 157 153   0
158 L_V3CD                                 15  46 182   0
159 L_LO3                                  54  94 160   0
160 L_VMV2                                 67  62 161   0
161 L_31pd                                 56  22  45   0
162 L_31a                                 143 105 133   0
163 L_VVC                                  53  61 124   0
164 L_25                                   36  24  14   0
165 L_s32                                  46  35  21   0
166 L_pOFC                                 76  48  53   0
167 L_PoI1                                164 104  97   0
168 L_Ig                                  110 123  36   0
169 L_FOP5                                163 102 105   0
170 L_p10p                                 89  64  76   0
171 L_p47r                                126 123 112   0
172 L_TGv                                  46  51  42   0
173 L_MBelt                               187  30  24   0
174 L_LBelt                               233  18  27   0
175 L_A4                                  152  39   4   0
176 L_STSva                                40  33  22   0
177 L_TE1m                                 59  45  43   0
178 L_PI                                  122  50  50   0
179 L_a32pr                               130  63  87   0
180 L_p24                                 123  35  74   0
201 R_V1                                   63   5 255   0
202 R_MST                                  54 103 129   0
203 R_V6                                   62  78 178   0
204 R_V2                                   23  50 233   0
205 R_V3                                   15  40 226   0
206 R_V4                                   14  28 214   0
207 R_V8                                   26  47 201   0
208 R_4                                    33 178  20   0
209 R_3b                                   35 205  21   0
210 R_FEF                                 134 143 137   0
211 R_PEF                                 141 166 152   0
212 R_55b                                  62  88  47   0
213 R_V3A                                   7  57 246   0
214 R_RSC                                 153  64 133   0
215 R_POS2                                186  86 188   0
216 R_V7                                   18  70 195   0
217 R_IPS1                                 57 114 160   0
218 R_FFC                                  57  89 117   0
219 R_V3B                                  25  47 206   0
220 R_LO1                                   0  49 184   0
221 R_LO2                                  18  33 181   0
222 R_PIT                                  34  43 171   0
223 R_MT                                   31  86 104   0
224 R_A1                                  235  19  47   0
225 R_PSL                                 122  79  56   0
226 R_SFL                                  31  49  22   0
227 R_PCV                                 138 128 153   0
228 R_STV                                 142  87  76   0
229 R_7Pm                                 149 181 188   0
230 R_7m                                   42  31  44   0
231 R_POS1                                 81  54  98   0
232 R_23d                                 127  56  91   0
233 R_v23ab                                29   0  14   0
234 R_d23ab                                63  17  47   0
235 R_31pv                                 54  11  42   0
236 R_5m                                   48 163  48   0
237 R_5mv                                 153 172 136   0
238 R_23c                                 205 190 194   0
239 R_5L                                   64 154  64   0
240 R_24dd                                 69 161  44   0
241 R_24dv                                119 159  66   0
242 R_7AL                                 115 194 134   0
243 R_SCEF                                110 146  86   0
244 R_6ma                                 144 179 135   0
245 R_7Am                                 184 243 224   0
246 R_7PL                                 169 246 237   0
247 R_7PC                                  68 177 108   0
248 R_LIPv                                 63 113 158   0
249 R_VIP                                  50 129 137   0
250 R_MIP                                 136 206 204   0
251 R_1                                    20 191  38   0
252 R_2                                    48 176  62   0
253 R_3a                                   47 216  22   0
254 R_6d                                   26 158  32   0
255 R_6mp                                  64 159  38   0
256 R_6v                                   71 168  50   0
257 R_p24pr                               146 136 107   0
258 R_33pr                                129 106 103   0
259 R_a24pr                               176 133 130   0
260 R_p32pr                               163 142 121   0
261 R_a24                                  67  12  25   0
262 R_d32                                  90  41  50   0
263 R_8BM                                 105  83  81   0
264 R_p32                                  95  32  52   0
265 R_10r                                  25  12   1   0
266 R_47m                                  96  75  66   0
267 R_8Av                                  53  54  43   0
268 R_8Ad                                  63  67  48   0
269 R_9m                                   43  35  18   0
270 R_8BL                                  34  39  20   0
271 R_9p                                   38  43  28   0
272 R_10d                                  38  35  24   0
273 R_8C                                  101  85  84   0
274 R_44                                   88  88  62   0
275 R_45                                   60  63  42   0
276 R_47l                                  51  49  31   0
277 R_a47r                                 77  76  66   0
278 R_6r                                  178 214 151   0
279 R_IFJa                                126 119  95   0
280 R_IFJp                                137 160 132   0
281 R_IFSp                                 97  98  87   0
282 R_IFSa                                188 201 178   0
283 R_p9-46v                              138 149 134   0
284 R_46                                  207 217 200   0
285 R_a9-46v                              145 112 128   0
286 R_9-46d                               140 117 131   0
287 R_9a                                   55  52  45   0
288 R_10v                                  14  35  14   0
289 R_a10p                                 98  75  89   0
290 R_10pp                                 55  62  58   0
291 R_11l                                 129 106 118   0
292 R_13l                                  82  60  69   0
293 R_OFC                                  40  35  31   0
294 R_47s                                  66  35  33   0
295 R_LIPd                                155 180 202   0
296 R_6a                                  121 192 136   0
297 R_i6-8                                 90  98  83   0
298 R_s6-8                                 88  92  73   0
299 R_43                                  145 138  64   0
300 R_OP4                                 114 157  49   0
301 R_OP1                                  99 158  35   0
302 R_OP2-3                               145 127  52   0
303 R_52                                  208  72  66   0
304 R_RI                                  178  61  23   0
305 R_PFcm                                190 144  89   0
306 R_PoI2                                131 124  83   0
307 R_TA2                                 130  42  27   0
308 R_FOP4                                182 148 129   0
309 R_MI                                  157 116 106   0
310 R_Pir                                  90  66  65   0
311 R_AVI                                 141  72  83   0
312 R_AAIC                                 85  35  44   0
313 R_FOP1                                160 153  88   0
314 R_FOP3                                175 137  99   0
315 R_FOP2                                 99 156  51   0
316 R_PFt                                 129 222 134   0
317 R_AIP                                 136 220 166   0
318 R_EC                                   49  48  35   0
319 R_PreS                                 86  57  83   0
320 R_H                                    60  57  40   0
321 R_ProS                                 87  59 176   0
322 R_PeEc                                 61  62  51   0
323 R_STGa                                 58  42  26   0
324 R_PBelt                               195  30   5   0
325 R_A5                                   99  39   6   0
326 R_PHA1                                 69  50  75   0
327 R_PHA3                                 96 102 113   0
328 R_STSda                                77  51  34   0
329 R_STSdp                                73  57  39   0
330 R_STSvp                                71  59  57   0
331 R_TGd                                  35  34  23   0
332 R_TE1a                                 11  14   0   0
333 R_TE1p                                 96 102  94   0
334 R_TE2a                                 67  64  58   0
335 R_TF                                   64  72  56   0
336 R_TE2p                                105 128 117   0
337 R_PHT                                 217 252 223   0
338 R_PH                                   88 131 163   0
339 R_TPOJ1                               125  90  64   0
340 R_TPOJ2                               156 162 138   0
341 R_TPOJ3                               121 148 145   0
342 R_DVT                                 120 112 190   0
343 R_PGp                                 155 190 228   0
344 R_IP2                                 176 166 174   0
345 R_IP1                                 118 121 128   0
346 R_IP0                                 112 160 207   0
347 R_PFop                                187 205 145   0
348 R_PF                                  255 255 226   0
349 R_PFm                                 133 105 114   0
350 R_PGi                                  53  62  46   0
351 R_PGs                                  62  67  57   0
352 R_V6A                                  41  89 166   0
353 R_VMV1                                 62  61 155   0
354 R_VMV3                                 49  53 159   0
355 R_PHA2                                 88  90  89   0
356 R_V4t                                  14  79 128   0
357 R_FST                                  92 157 153   0
358 R_V3CD                                 15  46 182   0
359 R_LO3                                  54  94 160   0
360 R_VMV2                                 67  62 161   0
361 R_31pd                                 56  22  45   0
362 R_31a                                 143 105 133   0
363 R_VVC                                  53  61 124   0
364 R_25                                   36  24  14   0
365 R_s32                                  46  35  21   0
366 R_pOFC                                 76  48  53   0
367 R_PoI1                                164 104  97   0
368 R_Ig                                  110 123  36   0
369 R_FOP5                                163 102 105   0
370 R_p10p                                 89  64  76   0
371 R_p47r                                126 123 112   0
372 R_TGv                                  46  51  42   0
373 R_MBelt                               187  30  24   0
374 R_LBelt                               233  18  27   0
375 R_A4                                  152  39   4   0
376 R_STSva                                40  33  22   0
377 R_TE1m                                 59  45  43   0
378 R_PI                                  122  50  50   0
379 R_a32pr                               130  63  87   0
380 R_p24                                 123  35  74   0
